-3.99
-3.92
-2.22
-.56
-1.27
-1.09
-.70
-2.02
-2.46
-3.51
-.94
-3.61
-3.19
.00
-2.87
2.52
-2.45
-2.30
-2.33
.32
-1.82
-3.54
-2.79
-2.81
-1.36
-3.03
-2.58
-3.02
-3.44
-1.67
-2.87
-1.91
-2.83
.26
-2.15
-2.60
-1.83
-2.66
-2.85
-1.83
-2.17
-1.27
.15
1.18
-2.44
-2.58
-2.64
-1.45
-.98
-2.63
-2.47
-2.82
2.11
-3.00
-.95
-.89
-2.46
3.19
-1.18
-2.56
-.77
-1.50
-1.10
-.58
-.46
-3.20
-1.40
-1.27
-3.00
-1.78
.56
-2.31
2.24
-2.87
-2.51
-2.77
-2.64
-2.95
-3.43
-3.02
-2.67
-2.49
-2.15
1.70
-2.06
-2.66
-1.69
-2.56
-3.00
-3.41
-2.76
-2.19
-2.86
-2.12
-3.79
-3.32
-1.98
-2.58
-2.17
3.87
-2.10
-2.54
-2.06
-2.35
-2.60
1.70
-2.32
-3.07
-.37
-1.30
-2.15
-.97
-2.18
-2.24
-2.87
-.74
-2.17
-.90
-3.28
-1.95
-2.92
-2.41
-2.96
-1.95
-2.85
-2.63
-1.67
-1.50
-.17
.22
-.78
-1.31
-2.40
-2.41
-2.52
-2.43
-2.85
-2.07
-2.52
-2.20
-2.86
-2.73
-2.87
-1.35
-2.96
-1.14
-2.50
-1.50
-3.77
-2.72
-3.31
-3.95
-.90
-1.09
-3.51
-2.10
-3.55
-1.16
-.86
-3.35
-2.82
-.19
-1.30
-1.86
-1.95
-2.18
-2.49
-2.05
-2.67
-2.86
-.56
-2.55
-1.30
-.77
-2.82
-3.41
-2.94
-2.85
-2.08
-2.90
-2.48
-2.79
-2.12
-1.82
-3.67
-1.90
-2.47
-2.69
-2.03
-1.92
-1.80
-3.03
-3.44
-2.08
-.90
-.22
-2.81
-2.65
-3.33
-2.58
-3.00
-2.78
.03
-2.77
-2.86
-.71
-2.03
-3.49
-3.67
-.99
-2.00
-1.71
-2.64
-2.55
-3.04
-2.52
-3.34
-1.06
-2.53
-2.60
-2.55
-2.08
-1.83
-3.95
-3.30
-2.06
-2.56
-2.31
-3.09
3.05
-2.17
-2.06
-1.31
-2.64
-1.65
-3.79
-2.73
-2.51
-2.58
-2.46
-2.17
-.25
-2.21
-2.63
-2.44
-2.51
.59
-2.11
-2.07
-1.69
2.16
-2.69
-2.67
-2.00
-.98
-.41
-2.66
-1.91
1.19
-2.34
-2.00
-2.83
-1.71
-1.91
-1.94
-2.88
-2.00
-2.18
-2.93
-2.08
-1.36
-2.61
-3.81
-2.88
-2.31
-.98
-1.57
-.74
-3.02
-3.05
-2.63
-.95
-.83
-2.85
-2.32
-.54
-2.81
3.40
-2.98
-1.17
.26
-2.65
-2.36
-2.05
-3.47
-1.84
-2.98
-2.29
-1.13
-1.24
-1.79
-1.98
-1.27
-.83
-3.30
-2.28
-1.78
-1.28
-3.13
-2.78
-2.89
-2.76
-3.47
-2.08
-.22
-2.14
-2.00
-1.98
-2.00
-1.86
-2.03
-3.49
-2.33
-.25
-3.16
-1.24
-1.57
-2.49
-3.03
-3.49
-3.50
-2.55
-2.53
-2.95
-1.64
-1.63
-2.08
-2.86
-.89
-1.11
-.90
-3.34
-1.54
-.98
-2.54
-1.98
-1.72
-2.49
-2.69
-2.60
-3.05
-2.65
-3.19
-2.61
-2.22
-1.66
-2.52
-2.99
-2.60
-1.34
-3.62
-2.55
-.58
-3.32
-.99
-2.59
-1.47
-1.15
-2.82
-2.80
-2.73
-2.74
-3.03
-1.51
-3.14
-1.97
-.87
-2.51
-2.65
2.31
-.05
2.36
-2.53
-2.23
-1.90
-2.31
-2.88
-2.88
-3.18
-3.14
-1.80
-2.08
-2.57
-2.44
-2.76
-2.88
-2.21
-2.33
-4.22
-3.75
-1.83
-2.49
-2.38
-3.77
-2.56
-1.04
-2.01
1.75
-2.40
-2.82
-2.37
-1.29
-2.33
-2.98
-3.44
-1.34
-2.88
-3.52
-1.81
-2.31
-1.38
-3.92
-1.81
-3.55
-2.87
-3.26
-3.29
.15
-1.54
-2.59
-.77
-1.61
-2.51
-1.86
-2.49
-2.00
-.02
-.58
-2.57
-.58
-.56
.51
-1.56
-1.06
-3.00
-1.25
-2.33
-1.27
-1.50
-3.19
-1.85
.87
-3.04
-2.70
-.75
-2.60
-3.23
-2.37
-2.66
-.28
-2.63
-2.60
-2.50
-2.51
.75
-2.85
-3.02
-2.95
-3.58
-2.29
-2.21
-2.58
-3.49
-2.56
-2.64
.20
2.14
-2.27
-2.20
-1.98
-.08
-2.37
-3.09
-2.15
-2.21
.52
-2.87
-2.87
-2.32
.31
-3.18
-3.99
-2.58
-2.34
1.54
-1.98
-2.63
-1.98
-2.49
-2.36
-2.44
-3.18
-3.49
-2.00
-2.62
-2.64
-1.92
-2.38
-2.11
-1.81
-3.04
-2.75
-3.71
-2.46
-.87
-3.02
-1.66
-2.40
-.91
-3.00
-3.18
-1.82
-3.17
-2.05
-2.89
-2.20
-2.82
-1.93
-2.29
-2.17
-2.37
-2.53
-3.00
-3.74
-1.29
-2.97
-3.51
-3.09
-2.51
-2.64
-1.37
-2.15
-2.17
-3.02
-2.87
-3.30
-2.55
-3.00
-3.80
-3.29
.92
-2.35
-2.53
-2.44
-1.37
-.34
-2.33
-2.87
-3.36
-3.66
-2.58
-2.05
-3.02
-2.06
1.10
-.23
-1.78
-3.24
-3.02
.70
-1.80
-.52
-3.27
-2.19
1.57
-2.64
-2.02
-2.56
-2.50
-3.69
-2.31
-1.51
-3.01
-1.88
-2.57
-1.18
.93
-3.44
-2.00
-3.45
-3.15
-1.94
-2.98
-2.68
-3.11
-2.52
-2.28
-2.22
-3.19
-2.08
-2.53
-3.46
-2.49
-2.55
-1.26
2.30
-2.71
-2.64
-.34
-1.12
-.64
-2.50
-2.28
-2.12
-.02
2.57
-2.95
-1.30
-2.55
-2.68
1.47
-2.39
-3.92
1.60
-2.61
-1.50
-3.02
-3.45
-3.94
-3.05
.77
-.74
-2.59
-2.20
-2.88
-2.77
-3.18
-2.72
-1.98
-2.92
-2.21
-2.85
-1.94
-2.02
-3.27
-2.64
-2.50
-2.12
-1.16
-3.75
-2.12
-2.03
-2.22
-2.56
-2.68
-2.33
-2.85
-.57
-2.00
-2.59
-2.36
.39
.43
-.90
-1.89
-2.13
-2.42
-2.58
-3.03
-2.24
-3.09
-.68
-3.74
-.88
-2.32
-1.76
-2.55
-4.11
-3.77
-2.14
-3.05
-2.15
-2.58
-3.12
-3.59
-.76
-1.44
-.93
-2.50
-.56
-2.45
-2.49
-2.82
-3.16
-3.78
-2.31
-1.51
-3.49
-2.32
-3.00
-2.40
-3.01
-1.82
-2.26
-1.57
-2.16
-3.19
-2.90
-1.88
-1.50
-.36
-1.71
-1.48
-2.19
-1.73
-.78
-3.93
-1.86
-1.87
-.82
-2.08
-2.87
-3.00
-2.19
-2.66
-2.23
-1.84
-2.56
-1.40
-.46
-2.61
-2.67
1.51
-2.59
-2.33
-1.14
.51
4.46
-2.38
-2.98
-2.98
-.91
-1.70
-3.02
-2.70
-2.74
-2.47
-2.00
-1.80
.81
-1.98
-1.73
-2.81
-1.30
-2.53
-1.61
-2.23
-.38
-2.01
-1.20
-2.15
-1.80
-2.40
-2.40
-.86
-2.00
-3.24
-3.06
-1.43
-2.34
-2.00
-3.49
-3.49
-4.11
-2.81
-2.39
-2.87
-.82
-2.38
-2.46
-2.69
-2.52
-2.94
-2.23
-2.81
-2.78
-3.72
-3.45
-1.66
-2.30
-.56
-2.08
-2.43
-3.95
-2.33
-.96
-2.81
-2.71
-3.00
-1.79
-2.78
-2.63
-2.67
4.44
-2.20
-2.22
-3.87
-2.35
-2.27
-1.86
-3.05
-1.05
-2.33
-3.07
-2.66
-1.41
2.18
-2.56
-3.13
-2.40
-1.94
-3.18
-1.82
-2.88
-1.90
-2.83
-1.57
3.46
-3.02
-1.89
-3.83
-2.96
-1.85
-1.84
.10
-2.63
-.13
-3.27
-2.07
-.42
-1.15
-1.78
-1.29
-2.67
-.25
-2.88
-2.54
-2.85
-1.80
-2.15
1.74
-2.64
-2.05
.35
-2.37
2.11
-2.82
-2.12
-1.53
.40
-2.93
-2.91
-2.45
-2.10
-2.31
-.40
-3.44
-1.85
-1.59
-.45
-2.15
.11
-2.51
-2.72
-3.36
-.41
-2.97
-2.48
.79
4.00
-1.61
1.13
-2.40
-2.84
-2.50
-1.54
-2.55
-2.41
-2.02
-1.39
-1.36
-2.22
-1.17
-2.50
-1.76
-2.34
-2.31
-3.74
-1.81
-3.00
-1.75
-1.31
-2.63
-2.42
-2.19
-2.57
-2.81
-3.18
-4.00
-1.55
-3.02
-1.91
-1.88
-3.00
-2.63
-1.50
-2.86
-2.63
-3.00
-1.71
-3.00
-3.49
-2.00
-2.64
-2.78
-2.26
-3.15
1.44
-1.78
-2.72
-2.00
-2.58
-1.80
-2.75
-1.06
-2.23
-2.81
-3.37
-2.00
-1.48
-2.74
-3.14
-2.62
-2.10
-2.50
-1.92
-2.84
-2.25
-2.33
-1.73
-1.42
-1.46
-2.73
-2.94
.38
-2.10
-2.64
-.46
-2.90
-2.64
-1.50
-1.61
-2.94
-2.59
-2.37
-2.73
-2.06
-2.83
-2.07
-2.17
-1.45
-.98
-2.33
-3.49
-3.77
-2.62
-3.83
.17
-1.99
-2.81
-3.05
-.86
-2.33
-2.50
-3.85
-2.37
-2.00
-2.20
-3.00
-.24
2.05
-2.51
-1.91
-.35
-2.41
-2.43
-2.53
-2.48
-1.27
-2.79
-.22
-2.15
-2.22
-2.68
-2.91
-1.73
1.74
-1.62
-2.06
-2.84
-3.13
-2.60
-1.73
-1.27
-2.51
.18
-2.52
-2.38
-2.83
-1.67
-1.93
-2.00
-3.87
-2.78
-3.16
-3.58
-2.52
-2.78
-2.46
-1.80
-2.78
-1.15
-2.84
-1.41
-2.65
-2.74
-2.78
-.74
-3.90
-.46
-2.12
-2.82
-2.03
-3.22
-2.12
.53
-2.43
-1.65
3.21
-2.63
.39
-2.06
-2.85
-2.51
-1.83
-2.88
-2.17
-2.08
-2.88
-2.25
-3.20
-1.64
-2.19
-2.42
-2.22
-2.33
-2.29
-2.07
-3.21
-.57
-2.24
-.60
-2.64
-2.28
.18
-1.61
-1.54
-2.30
-1.55
-3.43
-2.07
-.77
-2.06
-1.30
-3.34
-2.42
-2.63
-3.56
-2.63
-1.85
-2.15
-3.31
-1.56
-.74
-1.72
-2.89
-1.30
-3.55
-2.58
-3.26
-3.33
-1.43
-2.81
-3.19
-2.06
-1.78
.86
-3.00
.00
-2.50
-1.64
2.67
-1.85
-2.67
-3.17
-2.32
-.88
-2.12
-2.72
-2.86
-3.00
-2.51
-2.37
-3.43
-3.95
-1.50
-2.58
-2.63
-3.52
.76
.77
-2.88
-1.21
-2.42
-3.13
-3.01
-2.76
-2.54
-3.71
-1.64
1.28
-1.63
-3.65
-2.21
-3.15
-3.18
-2.50
-1.50
-2.10
-2.51
1.90
-3.21
-3.10
-3.36
-2.78
-3.03
-.56
-2.60
-2.97
2.33
-2.20
-3.02
-1.16
-3.02
-2.27
-3.18
-.21
-.74
1.96
-2.37
1.57
-2.97
-2.88
-2.75
-2.86
-2.19
-2.73
-3.19
-.58
.31
-1.03
-.71
-2.64
-2.36
-3.18
-.65
-3.22
-4.11
-1.27
-.78
-3.50
-2.14
-2.29
-1.79
3.60
-1.61
-2.86
-2.76
2.29
-2.19
-2.24
-2.33
-1.70
-1.22
-2.07
-1.89
-2.22
-1.78
-2.50
-2.64
-2.33
-3.04
-1.83
2.34
-3.62
-3.26
-2.10
1.87
-2.00
-2.52
-2.46
-3.44
-.29
-2.81
-2.17
-2.56
-1.60
1.31
-2.74
-2.64
-2.87
-.74
-3.17
-2.33
-3.00
-2.08
-.61
-3.36
-3.16
-2.74
-2.31
-2.74
-2.19
-1.49
-3.61
-1.36
-3.32
-2.51
-1.14
-2.58
-2.19
-2.15
-.38
-3.04
-1.92
-1.88
-.67
-1.79
-2.39
-2.63
-1.97
-2.76
-2.85
-2.50
-1.11
-2.66
-2.49
-2.36
-2.61
-1.95
-2.40
3.81
-3.06
-2.61
4.27
-1.85
.77
-2.59
-2.37
-3.61
-2.89
-1.78
-2.26
-1.41
2.11
-2.42
-2.95
-3.00
-3.16
3.89
-2.95
-2.66
-1.90
-2.71
-1.85
-1.22
-3.49
-2.52
-2.88
-1.36
-1.81
-2.88
-.95
-2.20
-3.26
-3.21
-1.51
-2.85
-1.78
-2.21
-2.79
-1.30
-2.77
-1.88
-3.68
-1.50
-1.88
-2.05
-2.53
-3.47
-3.19
-3.44
-1.25
-1.27
-1.52
-2.54
-3.36
-2.21
-2.95
-3.13
-1.28
-2.06
-2.00
-.80
-.56
-1.75
-.76
-2.85
-2.39
-1.24
-2.00
-1.13
-3.02
-1.62
-2.20
-2.78
4.40
-2.88
-3.30
-2.24
-2.88
-2.96
-2.34
-1.09
-1.55
-3.03
-.92
-2.46
-1.30
-1.84
-.55
-.43
-2.64
-3.46
-3.44
-2.71
-3.02
-3.02
-.49
-2.64
-.66
-3.05
-2.51
-2.37
-3.19
-2.88
-.01
-2.36
-3.43
-1.71
-3.10
-3.82
-2.38
-1.86
-2.31
1.31
-2.34
-3.23
-3.48
-1.06
.35
-2.23
-1.26
-2.18
-2.12
-3.51
-2.60
-2.56
-3.45
-2.95
-1.25
-2.24
-2.55
-2.68
-1.13
-1.78
-2.37
-2.29
-2.36
-2.95
-3.09
-2.62
-3.32
-2.54
-1.56
-2.00
3.35
-3.02
-1.81
-.30
.30
-2.86
-2.83
-3.31
.63
-3.51
-3.02
-2.81
-2.66
-2.66
-3.33
-2.77
-3.19
-2.58
-3.10
-2.04
-3.49
-2.80
3.82
-3.65
-2.50
-3.10
-1.78
1.75
-3.15
3.30
-3.02
-1.78
-2.12
-2.91
-3.60
-2.05
-2.88
-3.18
-2.32
-2.83
-2.66
-3.47
-2.91
-.86
3.72
-3.43
-2.36
-2.64
-.57
-2.72
-1.30
-3.86
-2.50
-2.05
-2.66
-2.02
-2.15
-2.88
-2.28
-2.10
-1.82
-2.10
-3.72
-4.11
-3.20
-.17
-2.38
-2.33
-2.03
-2.42
-2.00
-2.78
-1.61
-2.25
-3.16
-2.68
-.45
-2.41
-2.29
-2.39
-3.02
-1.17
-2.33
4.31
-2.58
-3.01
-1.31
-2.36
4.31
-2.33
-3.21
-2.48
-2.72
-2.36
-1.51
-1.87
.98
-2.45
-3.02
-2.81
-2.54
-1.50
.98
3.34
-3.02
-2.08
-2.58
-2.05
-2.50
-3.00
-1.88
-3.28
-2.06
-3.22
-1.99
-3.95
-.73
-2.78
-1.46
-2.22
-.43
-1.61
-2.77
-2.33
-3.79
3.66
-3.32
-2.48
-2.06
-.52
-2.38
1.86
-2.50
-1.68
-3.02
-1.28
-1.16
-3.28
-1.79
-.41
-1.32
-1.66
-3.65
-2.42
-1.07
-3.05
-3.55
-2.60
2.18
2.99
-2.08
.62
-2.73
-2.06
-1.25
-2.22
-1.60
2.30
-3.45
-2.46
-3.02
-2.44
-2.07
-3.37
-2.07
-2.33
-2.00
-1.17
2.34
-2.51
-2.86
-2.95
-2.05
-2.88
.63
-3.35
-.58
-2.78
-2.32
-2.87
-1.27
1.70
-2.57
-2.06
-2.90
.77
-3.00
-2.05
-2.90
1.18
-2.76
-3.00
-2.35
-2.41
-.46
.60
-.42
1.74
-2.86
-2.46
1.10
-2.20
-3.09
-.60
-2.98
-2.39
-3.27
-1.87
-2.81
-2.63
-1.88
-2.38
-3.34
-3.59
-.36
-2.31
-2.33
-2.12
-3.48
-2.87
-2.19
-2.06
-3.05
-3.03
-3.02
-2.03
-2.50
-2.60
-2.98
-2.87
-2.20
-2.79
-1.75
-2.88
-2.29
3.68
-2.26
-2.07
1.60
-2.81
-2.27
-2.49
-3.03
-2.83
-2.21
-3.21
-2.20
-2.36
-2.53
-2.50
-2.02
-3.27
-2.80
-3.00
-3.19
-1.13
-2.72
-2.00
-2.60
3.15
1.51
-2.31
-2.87
-2.28
-2.58
-2.88
-2.78
-2.15
-2.13
-2.39
-1.78
.63
-2.44
-2.54
-2.31
-2.19
-2.77
-1.92
-1.44
-2.57
-1.72
-.61
-1.69
-1.10
-1.24
-2.72
-1.93
-1.09
-2.42
-2.02
-2.47
-1.60
-2.37
-1.88
-2.57
-3.00
-1.92
-1.16
-3.04
-3.19
-3.48
-3.22
-2.44
-1.50
-1.36
-1.78
-2.75
-3.49
-1.95
-2.06
2.11
-3.15
-1.90
-2.59
-2.44
-1.46
-2.78
-2.58
-3.02
-2.12
-2.31
-2.64
-2.95
-2.91
-2.60
-2.45
-2.16
-2.59
-.11
-3.95
-2.85
-2.08
1.74
-2.37
-2.85
-2.88
-1.66
-3.13
-1.44
-1.52
-1.48
-.79
-.36
-1.98
-2.00
-3.47
1.97
-1.29
-2.22
-1.69
-1.99
-2.52
-3.29
-2.95
-2.04
-1.36
-2.59
-2.25
-1.50
3.40
-2.16
-2.22
-1.62
-3.21
-.36
-2.72
-1.88
-2.73
-2.50
-2.10
-.42
-1.90
-2.35
.43
-2.53
.99
-2.13
-2.92
1.87
-1.74
-1.87
-2.21
-.66
-2.43
-1.91
-2.96
-3.16
-2.45
3.41
-1.88
-2.17
-2.64
-1.51
-2.12
-2.56
-.17
-3.58
-2.06
-2.63
-.16
-2.34
-2.06
-2.30
-2.00
-3.09
-1.16
-2.40
-2.09
-1.41
-.75
-2.76
-3.00
-1.36
-2.59
-2.60
-3.51
-1.96
-1.88
1.54
-2.57
-2.69
-1.16
-2.25
-3.14
-.69
-1.88
-2.14
-2.17
.92
-2.24
-1.83
-1.74
-3.19
-2.67
-1.09
-2.20
-1.73
-1.29
-1.10
-3.61
-2.70
-.28
-2.03
-4.03
-.45
-1.65
-3.55
-2.63
-2.28
-2.31
3.44
-3.02
-2.72
-1.73
-2.43
-2.12
-2.68
-3.62
-1.31
-1.61
-1.20
-3.18
-.56
-2.56
-2.26
.15
-2.22
-3.77
-3.08
-2.41
-2.58
-2.53
-3.60
-2.88
-2.00
-2.16
-4.32
-2.61
-2.68
-2.91
-2.00
-1.88
-2.73
-1.29
3.33
1.42
-3.13
-1.33
-2.63
-3.09
-2.81
-2.47
3.30
-2.43
-2.10
-1.55
-1.16
-2.35
-.24
-2.19
-2.35
-2.06
-.47
-2.32
-2.81
-1.91
-1.76
-2.05
-3.55
-3.13
-3.18
-2.58
-2.91
-.25
1.51
-1.50
-2.79
-2.58
-2.23
-3.61
-2.74
-1.96
-1.80
-1.92
-1.86
-2.81
3.38
-.21
-3.07
-2.74
-2.60
-.96
-.30
-2.22
-2.86
-1.81
-3.18
-1.17
-.90
-2.07
-2.81
-2.49
-3.02
.31
-2.89
-2.75
-3.49
-2.57
-3.04
-3.18
-1.37
-2.20
-2.30
-1.98
-3.36
-.56
-3.02
-2.86
-3.02
-3.55
-2.53
-3.02
-2.36
-2.19
-1.83
-1.78
-1.73
-1.37
-2.05
-1.77
-1.15
-1.50
-2.97
-2.49
.93
-1.24
-2.19
-2.86
-1.63
-2.85
-3.17
-2.22
-2.38
-2.45
-2.55
-1.17
-2.91
-2.01
-1.30
-2.19
-2.13
-2.41
-2.85
-1.22
-2.89
-1.27
2.16
-2.97
-2.52
-2.64
-3.78
1.74
-2.16
-2.00
-2.59
-2.96
-2.71
-2.49
-2.43
1.60
-2.19
-3.13
-2.33
-2.66
-2.66
-2.01
-2.49
-2.70
-1.60
-1.94
-2.11
-2.29
-.14
-2.64
-2.43
-2.72
-1.07
-2.36
-2.15
-1.91
-2.63
-2.30
-2.53
-2.93
-.86
-2.29
-.47
-2.29
.31
-2.16
-2.29
-2.30
-2.54
1.75
-2.00
-2.37
-3.04
-2.60
-2.20
-1.67
2.62
-2.50
-3.57
-2.96
-2.63
.15
-2.31
-2.44
-1.66
-2.38
-2.83
-2.27
-2.60
-2.06
-1.59
-3.58
-3.48
2.04
-2.98
-2.37
-2.66
-1.88
-2.11
-3.05
-1.51
-2.45
-2.77
-3.07
-1.54
-1.57
-2.88
-2.34
-1.80
-2.95
-1.65
-2.31
1.53
-2.87
-2.66
-2.77
-3.27
1.93
-2.58
-2.96
-1.33
-2.05
-2.64
-2.36
-1.92
-2.58
1.96
-2.23
.74
1.93
-2.33
-1.90
-1.50
-2.88
-1.99
-2.05
-2.47
-2.20
-1.92
-2.60
-.62
-2.87
-3.57
-2.87
-2.75
-.84
-2.74
-1.59
-3.54
-2.22
-3.41
-2.44
-2.16
-2.72
-1.43
-3.00
-2.12
-2.41
-2.00
-3.13
-2.84
-2.91
-2.07
-2.14
-1.81
-2.12
-1.50
-2.29
-2.07
-2.63
-2.22
-2.95
-.94
-1.99
2.27
-.98
-1.27
-3.71
-3.16
-3.13
-2.44
-.56
-2.26
-3.55
-.79
-1.80
-3.62
-.84
-3.51
-.98
-1.69
-2.49
-1.86
-2.87
.95
-2.57
-1.66
-1.76
-3.15
-.56
-3.41
-2.56
-2.62
-2.22
-3.32
-3.02
-2.68
-1.32
-3.61
-1.92
-1.25
-2.33
-2.92
-1.37
-3.19
-2.59
1.43
-2.47
-2.04
-1.88
-2.72
-2.26
-2.99
-2.72
-2.22
-2.22
-2.59
-2.05
2.52
-2.03
-2.38
-1.98
2.35
-2.96
.47
-2.28
.28
-1.30
-1.80
-2.95
1.54
-.13
-1.91
-2.08
-4.14
-3.05
-2.15
-3.02
-2.64
-3.04
-1.75
-1.50
.27
-2.41
-3.00
2.09
-2.91
-3.08
-.89
-1.30
-3.04
-3.21
-.17
-2.56
1.74
-1.55
-2.44
-2.58
-2.50
1.54
-3.06
-3.25
-2.76
3.41
-3.24
-2.12
-2.33
-1.57
-3.02
-1.20
-3.07
-1.67
-3.13
-3.16
-.56
-3.02
-.46
-.34
-2.63
-1.19
-2.92
-2.87
2.60
-1.99
-1.94
-2.88
-2.76
-2.31
-1.79
-2.71
-2.22
-1.17
-3.02
-3.77
-2.99
2.16
-3.00
-1.54
-1.78
.00
-1.76
-1.59
-3.51
-1.69
-2.17
-2.55
-2.95
-2.56
-2.93
-2.44
-2.90
-1.61
-2.76
-2.37
-3.78
-1.81
-2.64
.21
-2.41
-3.34
-1.10
-2.63
-2.47
-2.56
-2.56
-2.02
-2.90
-2.07
.38
-3.35
-1.31
.20
-3.31
1.74
-3.11
-2.67
-2.24
-.45
-3.19
-3.75
-2.79
-3.18
-2.52
-2.66
-2.96
.51
-.77
-2.15
3.13
.84
-2.00
-.24
-1.39
-2.17
2.29
-1.65
-2.54
-.80
-1.66
-3.17
-3.49
-1.79
-2.55
1.74
-1.81
-2.64
-2.75
-.21
-3.02
-1.36
4.07
-3.61
-1.79
2.99
-2.58
-2.35
-1.73
-1.50
-2.32
-2.94
-2.74
-2.49
-1.88
-2.25
.92
-2.57
-.83
-2.74
-3.03
-.96
-1.11
-1.88
3.20
-3.35
-1.50
-2.79
-2.44
-1.88
-1.81
-.88
-3.10
-2.64
-1.45
-.25
-1.99
-2.72
-3.19
-2.67
-1.39
-2.07
-2.69
-2.57
.89
-2.40
-2.52
-2.65
-2.20
-1.47
.29
-2.05
-1.16
3.82
-2.37
-2.07
-.63
-2.68
2.69
-2.95
-.90
-2.14
-1.92
-1.80
-.47
-1.79
-2.27
-2.14
-1.91
-.79
-1.78
.49
-2.91
.25
-3.30
-2.72
-2.09
-2.18
-2.74
-3.41
-2.69
-2.38
-2.74
-2.49
-2.78
-3.13
-1.84
.28
-1.71
-2.99
-1.88
-1.65
1.54
-1.98
-1.80
-3.18
-3.16
-2.00
-2.00
-3.45
-.84
-1.88
-2.44
-2.58
-1.73
-2.87
-3.10
-.44
-3.02
-2.05
-3.30
-.70
-2.35
-3.84
-2.50
-2.19
-1.79
-2.75
-3.51
-1.58
-3.25
-2.44
-3.05
1.94
-1.39
-2.21
-3.61
-.90
-3.00
1.46
-3.02
-3.51
-2.57
-3.04
-2.29
-3.55
-2.54
-2.69
-2.74
1.70
-1.35
-2.61
-3.00
-2.49
-2.57
-1.99
-2.49
-3.55
-3.02
-3.43
-3.19
-1.60
-2.43
-2.15
-.90
-2.14
-2.23
-2.19
-1.66
2.38
-1.86
.56
-2.26
-2.72
.63
-1.91
-2.58
-1.62
-2.85
-3.40
.14
-1.86
-1.62
-.39
-2.72
-2.74
-2.58
-2.31
-2.17
-1.64
-.79
4.07
-2.75
-.03
-1.88
-3.12
-2.09
-1.80
-2.77
-.74
-1.65
-1.50
-2.02
-1.79
-2.67
-2.15
-1.14
-1.16
-2.20
-.43
-1.29
-3.58
-2.72
-.98
-1.81
.22
-1.47
-1.00
-3.49
-3.02
-2.38
-2.28
-1.20
-1.84
-3.02
-2.34
-.56
-3.02
-.77
-1.86
-2.33
-3.14
-3.04
-3.00
-2.79
-2.08
-2.19
-2.56
-2.89
-1.14
-2.32
-1.83
1.48
-2.22
-2.50
-.45
-2.97
-2.49
-2.49
-3.26
-2.29
-1.50
-2.60
-3.43
-2.69
-3.04
-1.37
-1.96
2.17
-1.70
-3.13
-2.79
-2.60
-.06
-.63
-.98
-1.88
-2.68
-.43
-1.30
-1.43
-3.08
-3.14
-1.74
-3.75
-3.40
-1.86
1.17
-2.20
-2.53
-2.32
-2.58
-2.33
-2.23
-2.00
-1.40
-2.54
-1.87
-2.28
-3.32
-2.78
-1.80
-.43
-2.02
-3.53
-2.00
-3.00
4.40
-.20
-2.33
-2.20
-3.40
-2.64
-2.07
-3.65
-2.20
-1.95
-2.31
-.21
-2.87
-.94
-2.88
-.44
-2.96
-3.01
-4.02
-1.29
-2.43
-3.45
-.73
-1.74
-2.35
-1.41
-1.47
-3.31
-1.82
-2.64
-2.22
-2.55
-2.40
-1.87
-3.35
-2.91
-1.37
-2.95
-2.08
-2.08
-2.19
-2.27
-2.77
-2.05
-2.31
-.08
3.84
-3.19
1.75
-2.31
-2.81
-3.00
-2.44
-1.14
-3.06
-2.06
-3.49
-2.78
-3.19
-2.22
-1.76
-2.85
-2.00
-2.52
-3.42
-3.02
-2.85
-3.51
-2.72
-2.33
-1.30
-2.76
-2.00
-1.22
-2.54
-2.08
-1.98
-1.98
-2.43
-1.43
-3.18
-3.49
-2.95
-1.55
-1.18
-1.81
-2.72
-2.07
-2.55
-2.66
-1.69
1.00
1.43
-2.95
-1.11
-1.98
-2.12
1.96
.80
-.46
-.64
-.39
-2.93
-2.14
3.30
-.50
-2.17
2.16
.98
-2.71
-2.93
-2.44
-2.62
-2.33
-.98
-1.16
-3.30
-2.64
-3.02
-1.38
-1.80
-1.31
-1.19
-2.81
-.61
-2.17
-1.83
-1.74
-1.66
-2.34
-2.87
-2.44
-2.69
-2.00
-2.88
-1.42
-1.40
-3.19
-2.30
-2.76
-1.51
-3.01
-3.18
-1.48
-2.85
-2.35
-2.19
-3.39
-2.39
-1.29
-2.72
.15
-2.58
-1.65
-2.61
-.56
-2.21
-4.25
-1.60
-2.63
-4.11
-3.02
1.62
-1.85
-2.99
-2.63
-.56
-2.06
-2.44
-1.36
-3.43
-2.31
-1.51
-.85
-3.25
-1.64
-2.07
-1.01
1.51
-2.57
2.11
-2.76
-3.63
-2.39
-2.77
-3.33
-1.41
-1.30
-2.13
-2.63
-2.74
-2.58
-3.48
-1.09
-1.20
-2.02
-3.00
-1.20
-3.02
-2.42
-2.63
-3.30
-2.17
-3.00
-2.60
-2.49
1.21
-2.87
1.96
-2.25
-2.70
-3.00
-3.51
-.24
-2.49
-3.47
.93
-2.32
-2.93
-3.08
-2.45
-2.82
-1.53
-2.18
-2.49
-3.48
-2.33
-1.89
-1.64
-.31
-2.36
-2.60
3.60
-2.78
-2.12
-2.75
-2.85
-1.92
-1.65
-1.85
-3.13
-3.02
-2.00
-3.61
-.96
-3.07
-2.19
-2.86
-3.10
1.17
-2.66
-2.04
-2.07
-3.65
-2.62
-2.50
-1.87
-2.06
-2.72
-2.43
-3.26
-2.69
-2.48
-2.54
-1.57
-3.40
-2.86
-3.04
-.79
-3.04
-2.50
-3.05
-2.81
-2.85
-2.20
-2.38
.96
-2.27
-2.59
-2.43
-2.25
-2.08
-2.06
-.66
-1.89
-3.37
-3.53
-4.11
-2.30
-3.32
-4.02
-3.27
-3.10
1.90
-3.43
-2.69
-3.07
-1.56
-1.31
-2.00
-2.20
-.79
-2.63
-2.68
-2.66
-2.91
.49
-2.33
-3.49
-2.44
3.25
.38
-2.00
-2.58
-2.78
-2.66
-2.59
-2.42
-2.75
-3.48
-2.13
-2.48
-2.35
1.74
-2.67
-2.86
-1.50
1.90
-1.48
-4.31
-1.45
-1.24
-2.62
-2.08
.14
-.36
-2.37
-2.06
-1.32
-1.31
-3.02
-1.26
-2.88
-2.11
-.70
-3.43
-3.95
-1.48
-2.30
-3.09
-1.79
-2.76
-2.78
-1.79
-3.63
-3.05
-2.29
-3.19
-3.03
-2.48
-2.60
-3.00
-2.85
-2.58
-4.21
-1.84
-1.07
-1.66
-3.48
-3.65
-2.93
-2.81
-2.15
-2.14
-2.25
-2.05
-2.03
-1.17
-2.81
-2.88
-1.86
-3.77
-2.27
-2.31
-2.86
-2.86
3.97
-3.02
-2.74
-2.62
-.43
-.77
-3.13
-2.86
-1.80
-2.37
-2.72
-2.21
-3.12
-2.72
-1.59
-1.25
-2.20
-2.84
-2.29
-2.52
-2.11
-2.57
-3.02
-1.77
-2.30
-1.41
-2.75
-2.33
-1.78
-2.35
-2.50
-2.72
2.69
-2.83
-1.85
-2.24
-1.41
-2.06
-2.67
-2.64
-2.31
-2.71
-1.08
.20
-.66
-1.88
-3.41
-2.13
-.33
-2.00
-2.36
.92
-2.52
.35
-2.10
-1.55
-2.71
-2.00
-.98
-2.61
-3.05
-2.59
2.07
-2.28
2.37
3.18
-1.69
-3.18
-2.81
-2.08
-1.92
-2.67
-2.26
-3.51
-2.43
-2.75
-2.58
-2.01
-2.80
-3.12
-2.64
-2.53
-3.49
-2.50
-1.59
-2.37
-1.29
-3.30
-.32
-2.59
-3.45
-1.86
-2.85
2.85
-2.58
-2.58
-1.40
-3.02
-1.87
-2.87
-2.39
-1.65
-3.44
-1.50
-3.28
-2.46
-1.83
-2.79
-2.50
-.86
-1.79
-1.25
2.90
-2.61
-2.34
-2.55
1.83
-.77
2.29
-3.44
-2.28
-2.95
-.30
-1.88
-3.00
-1.92
-2.66
-2.20
-1.62
-2.04
-2.41
-3.60
-2.25
-1.68
-2.75
-2.49
-2.17
-2.38
1.43
-2.87
-1.16
2.35
-2.36
-2.58
-2.72
-2.63
-1.50
-.86
-3.14
-3.32
-2.28
-2.58
-2.78
-1.61
-2.74
-2.66
-2.19
-3.02
-1.40
-2.77
-2.25
-1.81
-.98
-1.68
-3.79
-2.69
2.11
-2.91
-2.52
-2.29
-2.58
-3.69
-.28
-2.86
-3.60
-2.72
-.62
-2.20
-3.49
-2.25
-1.14
-.72
-2.33
-.99
2.05
-2.78
-2.79
-3.52
-1.43
-2.33
-2.84
-3.47
-3.34
2.07
-1.61
-2.31
-3.49
-2.31
-3.05
-2.54
-2.52
-2.28
-2.73
-2.19
-1.26
-3.10
-3.19
-2.87
-2.16
-3.32
3.41
-1.60
-2.43
-1.99
-2.64
-2.22
-2.07
-2.06
-.45
-2.35
-2.79
-1.35
-3.06
-2.42
-2.63
-2.20
-2.33
-.16
-.43
-3.20
-2.33
-2.48
-1.49
.40
-3.02
-2.88
-2.88
-.96
-1.80
-1.76
-1.85
-2.49
-1.65
-2.88
-1.98
-2.49
-3.95
-2.57
3.25
-2.61
-3.34
-3.33
-1.41
-1.54
-2.03
-2.33
-2.02
-2.85
-2.33
-2.06
-3.10
1.51
-2.75
.64
-1.76
-3.13
-2.15
-3.77
-1.59
-3.02
-3.03
-.58
-2.63
-2.46
3.68
-2.57
-2.87
-.67
.02
-2.72
-1.96
-1.80
-1.10
-1.02
-3.99
-1.61
-3.18
-2.75
-1.88
-.56
-.27
-2.15
-2.76
-3.36
-3.43
-.46
-1.02
1.74
-1.58
-.73
-2.10
-1.76
-2.64
-1.98
-2.06
-2.30
-2.61
-2.54
-1.93
-1.69
-2.94
-2.50
-1.66
-.94
-2.60
-2.76
-3.56
-2.59
-2.60
-2.91
-.56
-2.60
-2.10
-1.00
-2.22
-4.21
-2.58
.21
-2.73
-.25
-2.60
1.74
-2.31
-1.29
2.05
-2.84
-2.28
.06
1.90
-3.05
-2.88
-2.74
-2.58
1.75
-2.70
.37
-.69
-2.66
-2.76
-1.59
-1.50
-2.03
-2.49
-2.19
-2.10
-3.13
-1.31
-1.13
-1.20
-2.60
-3.18
-3.00
-2.27
-2.46
-1.51
1.97
-.49
-3.55
-1.93
-1.79
-1.29
-3.02
-2.87
-2.08
1.57
-2.13
-2.78
1.10
-2.00
-1.49
-2.17
-3.24
-1.85
-2.79
-1.06
-2.63
-2.10
-3.17
-2.32
-.99
-3.99
-2.48
-1.02
-2.56
-3.10
-2.60
-1.86
-2.66
-2.02
-1.00
-2.45
-2.25
-2.34
-2.00
-3.02
-2.33
-2.38
-2.17
-2.59
-3.02
-1.81
-2.58
-2.19
-1.28
-3.95
-2.06
-2.64
3.38
-3.76
-2.19
-2.08
-2.40
-2.95
-3.55
-1.98
-1.13
-2.81
-2.26
-2.91
-3.43
-2.30
-3.18
-2.41
-2.15
.38
-2.17
-2.26
-2.51
2.74
-2.67
-2.41
-3.52
-2.88
-2.99
-2.45
-3.02
-2.48
2.89
-1.15
-3.77
-1.08
1.81
-3.01
-1.79
-2.27
-2.59
-2.31
-3.20
-2.37
-2.37
-1.29
-2.88
.31
-2.78
-2.86
-.69
-3.04
-1.35
-2.95
-3.44
-2.57
-3.50
-1.29
-1.17
-2.05
-2.60
-2.38
-2.86
-1.75
-1.49
-2.79
-2.46
-2.48
-2.20
-.46
-2.78
.22
-1.51
-1.98
-3.00
-1.06
-2.92
-1.41
-2.63
-2.34
-3.50
-2.10
-2.72
-2.50
-2.95
-3.05
-1.87
.38
-.51
-2.03
-2.72
1.38
-2.87
-1.41
-1.58
-1.60
-2.23
-3.81
-2.48
-.43
-2.68
-1.35
-1.67
-2.83
-1.05
-2.30
-1.30
3.43
-2.17
-1.09
-2.66
-2.87
-3.45
-.08
-3.50
-2.63
-.77
-2.56
-2.32
-2.85
-1.26
-.49
-.67
-2.47
-1.50
-2.99
-2.30
-1.02
2.34
-2.79
-.22
-2.59
-.83
-2.36
-2.56
-2.86
-2.27
1.19
-3.47
.41
-.90
-2.59
-.78
-2.50
-2.85
-1.89
-2.44
-2.58
-2.81
1.62
-2.00
-1.30
-2.05
-2.24
-3.05
-2.31
-2.72
-1.03
-1.76
-2.95
-2.57
-.36
3.81
-2.95
-2.63
-2.17
-3.51
-3.12
-1.27
-2.57
-2.57
-1.25
-.75
-2.69
-2.76
-2.57
-4.00
-2.10
-2.57
-3.52
2.17
-2.88
-2.42
-1.83
-1.24
1.83
-2.66
-3.36
-2.64
-2.40
-1.17
-3.31
-2.58
-2.57
-2.87
-.81
-2.03
-2.77
-1.20
-2.01
-1.06
-2.56
-2.75
-2.80
-1.88
2.67
1.31
-2.56
-1.25
-3.10
2.11
-2.73
-2.63
-2.05
-.98
-2.22
-.07
-2.12
-4.00
-.75
-1.31
-2.22
-2.66
-2.40
3.20
-3.77
.21
-2.53
-2.25
-2.75
-2.86
-1.16
-1.40
-.46
3.67
-1.89
-2.51
-2.79
-.46
-1.85
-3.03
-2.95
-2.03
-.59
-3.99
-2.52
-1.52
-2.19
-2.43
-2.18
-2.45
-2.85
-2.17
-3.03
-2.52
-3.41
-2.19
-3.05
-2.47
-2.00
-3.00
2.31
-3.00
-1.88
-3.02
-1.23
-2.10
-2.15
-2.43
-2.67
-2.06
-1.86
-2.91
-2.33
-2.76
-3.86
-2.89
-2.19
-1.30
-.16
.07
-.84
-2.99
-3.13
-2.53
-3.32
-3.05
-2.88
-1.86
-.78
-3.95
-1.78
-2.06
.22
-1.66
-3.47
-2.00
-2.33
-1.20
-2.87
-2.64
-2.84
-2.04
-3.45
-3.32
-2.70
-.05
-2.48
-2.46
-1.84
-.94
-2.49
-3.02
-3.77
-3.01
-2.33
-2.73
-2.79
-.20
-3.03
-1.46
-2.51
-3.42
-3.54
-2.07
1.79
-3.43
-2.34
-2.95
.93
-2.64
-1.43
3.29
-2.43
-2.67
-2.20
.62
-2.57
-2.10
-2.00
-2.64
-2.11
-2.14
-2.22
-2.19
-1.88
-.75
-2.37
-2.22
-1.53
-2.00
-1.51
-2.86
-2.67
1.39
-1.00
-2.00
-3.03
-.99
-2.40
-3.95
-3.36
-3.24
-2.49
-2.75
-3.09
-3.04
-2.64
-2.49
-1.79
-2.31
-4.50
-1.94
-2.87
-2.65
-2.57
-2.52
-3.20
-.36
2.30
-3.52
-2.54
-3.59
-3.17
-1.16
-2.44
-2.64
-.01
-1.95
-.00
-3.49
-1.29
-.55
.35
-2.08
-2.66
-4.14
-2.41
-1.86
-4.04
-2.60
1.42
-2.58
-3.19
-1.67
-2.03
-2.00
-2.73
-2.42
-1.79
-2.60
-2.02
-2.20
-2.72
-1.20
-.99
-1.50
-3.16
-2.85
-2.71
.18
-3.03
-1.50
-2.40
-3.12
-1.29
-2.05
-1.89
-2.77
-1.79
-2.42
-2.56
-3.49
-1.89
-2.81
-2.79
-2.44
-2.17
-2.29
-2.30
-.90
-1.81
-1.88
-2.13
-2.06
-2.17
-1.81
-3.47
-2.98
-.38
-1.59
-1.99
-2.33
-1.03
-2.71
-2.19
-2.40
-2.59
-2.06
-1.54
-2.99
-2.60
-3.11
1.10
-2.46
-1.98
-2.36
-1.16
-2.26
2.94
-2.86
-2.18
-2.53
-2.05
-2.67
-2.17
-2.21
-1.99
-1.74
-3.69
-3.60
-3.27
-2.07
-2.22
-2.87
-2.24
-2.08
-2.50
-2.31
-1.86
-2.47
-2.23
-1.14
-2.33
-3.10
-2.65
-2.13
-2.49
-2.92
.20
-2.50
-.98
-2.30
-2.00
-2.65
-1.66
-3.02
-1.79
-1.57
-4.04
-1.90
-2.06
-1.72
-2.28
-2.44
-2.78
-2.12
-3.79
-3.61
-1.29
-3.49
-2.80
-2.33
1.34
-1.36
-2.42
-2.72
-2.75
-2.82
-1.30
1.94
3.82
-1.82
-2.58
-2.42
-2.64
-1.44
-1.17
-3.11
-2.17
-1.32
-2.44
-3.62
-1.89
-2.20
-2.00
-2.45
-3.02
-2.57
-2.15
-1.17
4.20
-2.72
-2.32
-2.78
-.38
-3.02
-2.16
-2.87
-2.87
-.94
3.39
-2.54
-2.88
-2.50
-2.00
-3.00
-3.20
-3.64
2.60
1.90
-3.36
-3.42
-.21
-2.32
-2.37
-2.45
-2.08
-1.17
-1.12
-2.49
-1.80
2.69
-2.22
-2.86
-2.29
-2.30
-2.63
-2.20
-3.55
-2.42
-2.53
-2.22
-3.27
-2.88
-3.47
-2.58
-2.50
-3.70
-1.99
-2.19
-2.66
-3.08
-3.44
-.27
-1.31
-3.01
-2.63
.82
-1.92
-2.14
-.08
-2.48
-1.78
-1.66
-1.84
-2.17
-2.89
-1.91
-2.91
-3.41
-2.44
-1.76
-3.00
-1.24
-.46
-2.17
-3.02
-1.83
-2.98
-2.02
-2.20
-2.42
-1.48
-2.99
-2.98
-1.25
-1.81
-2.81
-2.88
-2.49
-2.90
-1.39
-2.88
1.62
-2.26
-1.83
-1.81
-2.65
-.22
-1.31
-2.80
-.46
-3.17
-1.80
-1.94
-2.28
.36
2.35
-2.72
-2.19
-2.68
-2.17
-2.33
-2.20
-1.99
-2.37
-4.17
-2.43
-1.59
-2.87
-2.42
-2.87
-2.55
-1.91
-2.62
-2.03
-3.28
-3.60
-2.00
-3.00
-2.13
-2.07
-3.00
-2.45
-.46
-3.56
-3.13
-1.41
-2.33
-.77
-3.18
-2.57
-3.15
-2.09
-3.02
-1.71
-3.02
-2.33
-3.49
-3.43
2.38
-2.19
1.90
-2.83
-2.46
-2.83
2.74
-2.07
-2.42
-2.12
-2.28
-2.12
-1.61
-1.99
-1.87
-1.71
-2.81
-2.63
-2.50
-1.60
-3.51
-.70
-1.86
-3.40
-2.36
-3.18
-2.33
-1.90
-3.02
-1.61
-2.83
.11
-2.63
-2.98
-2.87
-2.66
-1.63
-1.28
-1.82
-1.88
-1.66
-1.80
-1.89
-3.41
-2.49
-2.84
-2.87
-2.78
-3.53
.28
-2.32
-1.87
-3.02
-2.97
-3.52
1.28
-1.86
-2.81
-3.36
-3.55
-2.01
-2.81
-2.39
3.28
-2.95
-2.72
-2.05
-.69
-2.43
-2.66
-2.65
-1.46
-2.00
-1.72
-1.88
4.40
.20
-1.57
-2.65
-3.71
-2.17
-3.77
-3.46
-2.67
-3.55
-2.70
-2.43
-2.24
-2.54
-2.87
-2.55
-1.88
-2.36
-2.44
-4.12
2.43
-3.02
-.90
-1.87
-2.88
-1.65
-2.52
-2.76
-2.50
-2.37
-2.07
-1.66
-.79
-1.81
-3.27
-3.49
-.77
-3.61
-2.05
-2.73
.18
-1.72
-2.19
-1.98
-2.00
-1.46
2.34
-2.00
-2.27
-1.50
-2.64
-4.17
1.35
-1.78
-.99
-2.44
1.00
-.64
-2.63
3.66
-2.15
-.56
-2.58
-2.97
.98
-2.35
-1.97
-2.36
.28
-2.64
-3.06
-1.72
2.34
-.87
-.31
-2.00
-1.99
-1.59
-3.54
-2.35
-2.87
-2.91
-2.81
-2.72
-2.64
-3.55
-.72
-2.89
-2.35
1.57
-1.27
-1.81
-2.86
.91
-2.89
-2.72
-2.44
-2.81
-2.50
-3.47
-2.76
.83
-1.78
-3.50
-3.15
-2.43
-2.75
1.11
-2.77
-3.33
-3.31
-2.73
-1.41
-1.85
-.65
-.65
-2.21
-1.59
-2.19
-1.57
-2.85
-2.19
-1.40
-2.64
-3.51
-2.41
-1.40
-1.66
-1.36
-2.38
-2.37
-2.64
-2.15
-2.17
-1.80
-2.00
-2.45
3.02
-1.79
-3.21
-2.46
-1.99
-2.19
-2.85
-3.50
-2.95
-2.77
-2.37
-3.22
-2.34
-3.02
-1.50
-2.74
-1.14
-2.64
-4.50
-3.18
-3.49
-2.08
-3.45
-1.24
-2.36
-2.29
-1.72
-2.46
-2.30
-2.97
-2.56
-2.56
-2.51
-2.59
-2.30
-3.46
-3.28
-2.43
-3.51
-1.86
-1.75
-3.33
-4.04
-2.70
-2.08
-3.13
-2.42
-2.06
-2.57
-1.92
-2.22
-2.19
-.85
-2.33
-1.66
-3.05
-3.86
-2.00
-2.33
-3.69
-2.30
-2.60
-2.03
-3.04
-3.47
-2.00
-1.15
-2.23
-3.18
-.90
3.06
-2.41
-1.97
-2.51
-2.54
-1.60
-2.15
-2.21
-2.58
-2.70
.00
-2.08
.63
.64
-3.27
2.99
-3.17
-2.42
-3.64
2.16
-.13
-1.60
-.23
-2.58
-.67
-2.72
2.97
-1.50
-3.21
-3.04
3.16
-2.14
-3.86
-3.51
-2.18
-2.64
-3.25
-2.31
-.28
-2.17
-2.33
-1.81
-3.18
-2.59
-3.33
-1.52
-.72
-1.54
-3.27
-2.52
-2.33
-2.87
-2.53
-3.00
-2.59
-2.80
-2.16
-1.62
-1.16
-3.00
-2.81
-2.89
-2.59
2.29
-2.50
.02
-3.34
-3.00
-.41
-3.49
-3.13
-3.00
-3.41
-2.22
-2.52
-3.47
-1.64
-2.06
-2.53
-3.09
.18
-2.91
-3.97
-2.62
-3.10
-2.56
-2.81
-2.08
-2.87
-1.77
-2.33
-2.61
.19
-1.74
-2.50
-1.95
-3.04
-.05
-3.14
-1.02
-3.05
-2.22
-1.42
-2.07
4.00
-2.50
-2.51
-1.31
2.34
-2.50
-1.15
-2.07
-2.58
-2.91
-1.02
-2.37
-.61
-2.38
-3.36
-2.33
-2.80
-1.51
-2.86
-3.76
1.23
-2.64
-3.07
-3.51
-2.86
-3.35
-2.03
-2.49
-1.72
-1.85
-2.98
-3.16
-2.67
-2.95
-1.65
-2.41
-1.92
.33
-2.14
-2.16
-2.42
-1.09
-1.67
-2.95
-2.87
-2.86
-1.09
-3.02
-3.35
-2.51
-.88
-1.30
-3.75
-1.40
-2.76
1.01
-3.18
-1.64
-2.50
1.81
-1.75
-2.88
-3.49
-2.02
-2.33
-1.82
-1.66
-2.46
-3.04
-2.85
-3.28
-2.53
.92
2.30
-3.71
-1.20
-2.00
-3.35
-.99
-3.70
-2.40
-2.20
-3.17
1.44
-3.36
-2.31
-2.03
-2.96
-2.91
-2.89
-3.02
-2.91
-3.19
-.93
-1.15
-3.00
-2.85
-2.20
-2.94
-2.80
-1.57
-2.26
1.83
-3.53
-2.21
-2.16
-2.10
-2.62
-2.58
-3.00
-2.15
-3.02
-2.94
-1.61
-2.42
-1.83
-1.80
-1.91
-2.56
-1.61
-3.72
-2.48
-3.53
-2.15
-3.27
-2.48
-2.61
-1.48
-1.34
-2.52
-3.08
-1.86
-2.21
-2.52
-1.91
-2.68
-2.36
-1.59
-3.00
-2.04
-2.71
-2.86
-2.29
.20
-2.78
-3.17
-2.06
-3.00
.15
-1.79
-3.49
-2.23
-2.60
-2.33
-2.84
-2.56
-2.49
-1.50
-.92
-2.87
-1.83
-2.75
-2.76
-1.39
-1.23
-3.75
-2.26
.00
-2.00
-1.85
-2.00
-2.16
-.91
-2.95
-2.67
-2.20
-1.80
-.27
3.73
-3.48
-2.63
-.41
-2.15
-1.97
-3.52
-2.38
.58
-1.01
-1.78
-2.10
-2.51
-2.34
.18
-3.03
-2.52
-2.03
-1.96
-2.67
-3.17
-3.88
-1.65
-2.73
.59
-1.86
-.91
-2.64
-3.16
-2.88
-2.16
-1.59
-2.26
-1.13
-2.21
-1.29
-2.38
-1.75
-1.79
-3.69
-2.53
-2.72
-2.84
-2.90
-2.33
-3.29
-4.14
-2.81
-1.88
-2.21
-2.39
-3.23
-3.75
-2.00
-2.83
.15
-1.53
-1.09
-3.05
-2.53
-2.04
-3.16
-2.37
-2.58
-2.93
1.97
-2.75
-3.19
-2.10
-2.13
-3.37
-2.53
-2.20
-1.29
-2.60
-1.57
-1.98
-2.00
-4.50
-1.43
-2.75
-1.53
-1.91
-2.06
-1.54
1.00
-3.18
-2.14
-1.41
-.64
-1.41
-2.40
-.09
-2.60
-2.32
-2.48
-.77
-2.49
-2.13
-1.30
-.93
-.76
-3.97
-2.63
-3.16
3.54
-2.00
-2.34
-3.55
-3.00
-2.89
-.87
-1.36
-1.80
-1.30
-3.21
-3.36
-2.76
-4.30
-2.22
-3.14
-1.35
-2.88
.12
-2.00
-2.66
-2.43
.82
-.48
-2.68
-2.87
-2.63
-1.48
-2.81
.00
-2.40
-2.68
-2.19
-1.79
-.19
-2.00
-2.85
-2.34
-2.21
-2.81
-2.22
-1.56
-3.06
-3.18
-1.48
-2.33
-2.40
-3.04
-2.13
-1.17
-4.50
-3.35
-2.19
-2.89
-2.95
-1.59
-1.55
-3.17
-2.15
-2.34
-2.60
-.32
-2.19
-2.70
-.79
-3.70
-.90
2.05
-3.16
-1.80
2.38
.47
-3.00
-1.66
-3.14
-.16
1.97
3.27
-1.98
-3.20
-2.42
.96
-2.64
-3.09
1.13
-3.30
-2.03
-2.50
-1.43
-2.91
-3.17
-3.17
-1.98
-1.54
-1.17
-3.41
-3.02
-2.36
-1.90
-2.99
-2.49
-1.65
-1.78
.43
-1.73
-3.47
-3.75
-3.10
-2.43
-3.00
-1.25
-2.78
-2.02
-2.30
-2.47
-2.20
-3.72
-3.55
-1.66
-2.28
-.88
-3.90
-2.60
-1.22
-3.00
-.05
-2.69
-2.44
-1.19
-3.44
-1.93
-1.54
1.54
-3.45
3.34
-2.08
-.61
-3.26
-1.77
-3.17
-2.33
-2.62
-2.47
-1.85
-2.08
-3.13
-2.49
-2.35
-1.48
-1.87
-3.47
-3.18
-2.98
-2.22
-3.04
-2.04
1.42
-3.02
-2.52
-.91
-3.77
-2.32
-1.06
-2.67
-2.28
-2.54
1.73
-2.50
-2.33
-.04
-3.45
-2.05
-2.28
-1.06
-2.06
-3.02
-.46
-2.35
-3.17
-2.05
-2.72
-1.80
-1.44
-2.15
-1.74
-2.41
-.83
-2.07
-1.66
-1.65
-2.23
-2.31
-2.23
-1.41
-2.40
-2.55
-2.06
-3.43
-3.22
-2.92
-2.81
-2.61
-3.77
-1.44
-3.18
-1.50
-2.17
-2.04
-2.28
-2.48
-2.88
-3.86
.10
-1.40
-2.50
-1.05
-2.85
-2.22
-2.21
-1.15
-.56
-4.50
-2.81
-2.32
-1.87
.18
-1.91
-.98
-2.08
-2.07
-2.66
-1.25
-3.00
-2.82
-2.02
-2.31
-2.20
-3.18
-2.60
-2.91
-1.92
-2.70
-2.63
-3.14
-2.30
-2.24
-1.78
-2.81
-2.18
-1.87
-1.54
-3.14
-1.76
-2.59
-3.86
-2.49
-2.86
-.75
-.57
.56
-3.17
-2.71
-3.49
-1.66
-3.45
-2.00
-.90
-2.86
.15
-2.29
-2.13
-2.24
-3.02
-3.02
.63
-2.52
-1.20
-3.17
-3.00
-2.53
-1.79
-2.85
-2.61
-2.57
-2.12
-3.77
-3.49
-1.73
-2.52
-4.22
.47
-2.00
-3.27
-2.92
-2.93
.56
-2.87
-1.18
-2.88
1.70
1.93
2.30
-2.15
-2.95
-2.06
-2.44
-1.80
-3.18
-3.51
-2.53
-2.75
-2.33
3.46
-1.83
-2.63
-.57
-2.00
-3.49
-2.03
.18
-2.67
-2.00
-2.05
-1.85
-2.37
-1.62
3.44
-2.64
-.66
-2.06
-2.19
-1.30
-2.90
1.17
-1.27
-2.37
-3.00
-1.16
-3.55
2.04
-2.33
-1.17
-.33
-1.30
-2.28
-2.25
-3.33
-2.78
-1.37
-1.93
-2.14
-1.00
-2.66
-2.05
-2.36
-1.74
-3.49
-3.00
-2.81
-2.45
-2.67
-2.00
3.74
-1.43
.39
-2.33
-.25
-3.36
-2.33
-3.02
.91
-.22
-1.70
-1.59
-3.10
-2.86
-2.17
-2.51
.18
-2.85
-3.37
-2.59
-1.67
-.96
2.29
-2.77
-3.14
-1.51
-2.12
-3.40
-.86
-1.97
-3.17
-2.10
-1.98
-2.28
-2.31
-2.63
-3.00
-.74
-3.76
-1.88
-2.43
-3.02
-2.04
-2.06
-2.01
-1.66
-2.30
-2.78
-2.05
-2.87
1.04
-2.83
-1.83
-3.44
-1.78
2.43
-2.19
-2.81
-1.81
-2.81
-2.33
-2.19
-2.49
-2.78
-3.09
-3.28
-2.15
-1.12
-1.51
-1.56
-2.72
-2.92
-1.02
-.94
-1.18
-3.71
-.43
-1.85
-1.26
-2.47
-1.86
-2.17
-2.40
-3.47
-2.22
-3.26
1.48
-2.87
-3.00
-2.77
-2.78
-.25
-2.58
-1.94
-2.21
.15
-2.02
-2.90
-2.73
-2.90
-2.64
-2.13
-4.01
-2.74
-.88
-.14
-2.56
-2.63
-2.44
-3.95
-2.04
-2.90
-2.30
-3.13
.88
-3.32
-2.72
-2.03
-2.78
-1.49
-2.47
-2.59
-1.36
-1.85
-2.34
-2.21
.00
-1.37
-1.14
-2.86
-2.34
-.24
-2.02
-1.36
-2.43
.26
-2.51
-2.45
1.83
-3.45
-1.63
-1.51
-2.72
-2.28
-2.58
-3.55
-1.52
-1.27
-3.10
-.64
-3.16
-3.56
-2.13
-2.67
-2.69
-.25
-.33
2.22
-2.08
-2.79
-1.92
-.56
-2.63
-2.00
.32
-3.02
-1.13
-2.66
-1.41
-1.88
-2.17
-2.91
-2.12
-2.81
-3.39
-2.15
-1.71
-2.49
-.33
.19
-2.57
2.71
-2.33
-2.42
-2.31
-2.30
-2.91
-2.18
-2.28
-3.58
-3.21
-2.81
-1.73
-3.00
-3.49
-2.56
-2.30
-1.03
-2.63
-.93
-2.01
.18
-3.01
-2.82
-3.20
-2.06
-2.35
-2.43
-3.04
-2.49
-2.33
.71
-2.69
-2.05
-2.74
-2.87
-2.71
-1.72
-3.19
-.58
-2.49
-2.81
-2.61
-1.15
-3.35
-2.72
-2.30
-3.20
-2.70
-1.16
-3.30
-2.83
-3.09
-1.71
-1.55
-3.00
-2.32
-2.49
-2.46
-3.10
-3.00
-2.08
-2.78
-2.94
-2.50
-2.58
-3.19
-3.13
-1.79
-2.49
-2.01
-2.91
-2.95
-2.06
-2.00
-2.00
2.89
-3.46
-2.47
-1.66
-.38
-2.19
-2.97
-2.44
-1.08
-2.60
-2.00
-3.66
-3.26
-2.92
-3.41
-1.02
2.00
-.97
-.67
-2.36
-1.80
-2.80
-1.42
-2.68
-1.98
-3.61
-1.90
-2.71
4.62
2.43
-3.21
-2.44
-2.15
-2.72
-1.91
-2.52
1.38
-2.47
-2.60
-2.72
-2.58
-3.42
-2.95
-3.11
-2.15
-1.25
1.44
-4.31
-2.65
-2.60
-3.49
-1.66
-2.66
-3.55
4.02
-2.00
-1.32
-1.17
-2.73
-2.78
-2.72
-2.33
-2.74
-1.53
-2.61
-1.98
-2.64
-2.31
-3.05
.98
-2.76
-2.50
-2.29
-2.99
-2.04
-2.67
-2.85
-2.40
-2.00
-2.29
2.34
-2.10
-.46
-2.33
-2.33
-3.43
-4.04
-2.74
-1.50
-2.26
.56
-2.57
-2.94
2.18
3.41
-1.61
-3.02
-3.14
-2.20
-.78
-1.59
-3.45
-2.23
-2.20
-.05
-3.30
3.38
2.02
-2.45
-1.98
-.80
-2.65
-2.33
-3.63
-1.86
-3.27
-3.49
-1.60
-2.44
-3.02
-3.02
-2.88
-2.38
-2.51
3.13
-.08
-1.29
-.58
-2.62
-2.36
-3.32
-2.20
-2.95
-2.52
-3.02
-2.50
-2.80
-1.86
-2.44
-2.42
-3.12
-2.48
-2.59
-2.76
-2.57
-2.74
-3.15
-3.72
-2.10
-2.67
-1.65
-1.88
-.78
1.90
-3.17
-1.99
-3.34
-2.87
-2.54
-1.80
-2.93
-2.64
-3.12
-2.87
-2.51
-2.48
-2.22
-2.61
-2.19
-2.45
.92
-2.05
-2.45
-2.33
-2.43
-3.02
-2.58
-2.46
-1.24
-2.21
-2.19
-1.85
-2.05
-1.14
-2.22
-1.99
-2.73
-2.26
-2.48
-2.59
-2.63
-2.44
-1.66
-3.05
-2.54
-2.36
-1.75
-2.75
-2.87
.38
-1.78
1.94
-2.01
-2.08
-3.47
-2.22
-.95
-2.45
-3.02
-2.60
-3.05
-3.17
-2.34
-2.87
-3.51
-2.73
-2.12
-2.84
-.56
-.55
-1.03
-1.56
-1.98
.18
-2.78
-2.06
-.07
-.33
-1.57
-2.12
-3.18
-1.60
-1.01
-2.40
-2.50
1.38
1.74
-1.78
-2.85
-2.33
-1.80
-3.15
-2.48
-2.76
-3.03
-2.86
-2.45
.91
-2.88
.06
-2.66
-1.15
-2.44
-1.16
-4.50
-2.49
-2.06
-3.25
-.36
-3.86
.58
-2.15
-3.05
3.30
-2.95
-2.74
-2.48
-2.66
-2.08
-2.32
-2.83
-2.71
-3.56
-2.56
-2.38
-2.53
-2.42
-2.23
-2.23
-2.88
-2.03
1.21
-2.00
-2.48
-3.66
-.75
-2.57
-2.46
-3.33
-2.27
2.34
-1.88
-3.05
-2.15
4.62
-1.35
-1.68
-1.16
-1.55
-3.41
-2.86
-1.85
-2.96
-3.18
-2.43
-3.62
-2.86
-2.87
-2.58
-2.61
-3.04
-2.89
-1.91
-2.55
-1.56
3.83
-2.52
.18
-2.33
-1.93
-1.80
-4.44
-.74
-2.63
-3.09
-2.20
-2.83
-1.79
.38
-2.78
-.45
-2.00
-3.22
-3.02
-3.28
-2.85
.00
-2.68
1.83
-3.51
-.55
-2.09
-1.78
3.03
-1.64
-1.96
-1.98
-2.88
-1.47
-3.32
-2.49
-1.31
-3.36
-2.42
-1.08
-2.10
-2.26
-2.00
1.85
-2.67
-1.98
-2.19
-2.70
-2.08
-2.02
-2.45
-2.21
1.10
-.06
-1.40
-3.15
-2.06
-3.46
-1.50
-2.71
-2.36
-2.30
-2.58
-.63
-2.06
-1.61
-2.41
-2.00
-2.85
-2.75
-2.59
.98
-2.85
-1.55
-2.32
-1.39
-3.13
-3.18
-2.23
-3.12
-.87
-1.33
-1.74
-2.75
-1.73
-1.81
-2.66
-1.94
-.37
-2.60
-3.67
3.20
-2.90
-2.22
-2.36
-1.41
2.34
-2.63
-3.02
-3.47
-2.37
-2.05
-2.53
-2.50
-2.55
-1.29
-2.29
-2.39
-1.17
-2.00
-2.81
-2.26
-2.20
-2.66
-2.72
-2.59
-2.19
-2.59
-2.49
-2.77
-2.14
-3.50
-1.24
.87
-1.09
-.02
-1.20
-3.41
-2.66
-.90
.18
-3.19
-2.16
-2.40
-1.76
-2.50
-2.08
-3.63
-2.88
-3.02
-.46
-1.57
2.74
-2.30
-3.12
1.94
-2.72
-3.95
-2.68
-1.57
-3.58
-3.02
-1.70
-3.54
-2.42
-2.45
-2.78
-1.13
-3.08
-2.40
-3.49
-2.30
-3.97
-2.64
-2.35
-2.00
-2.24
-3.04
-2.44
-2.07
-2.07
-2.40
-3.43
-2.06
-2.50
-3.00
-3.32
2.62
-3.41
-2.15
-2.18
-1.99
-2.66
-3.05
-2.13
-1.05
-2.76
-2.33
-2.19
-1.81
-2.08
-3.40
-2.33
-2.81
-3.04
-2.52
-2.56
-3.77
-2.25
-3.16
2.74
2.04
-2.44
-2.08
-2.21
-3.59
-3.77
-1.89
-1.80
-2.72
-2.60
-1.43
.32
-2.50
-3.03
-.05
-2.33
-3.29
-.97
-2.34
-3.22
-3.50
-2.44
4.41
-2.07
-1.92
-3.02
-2.87
-2.34
-2.19
-1.88
-1.83
-2.86
-1.54
-1.86
-2.30
-2.67
-2.54
-2.14
1.09
-2.61
-2.33
-2.85
-2.77
-2.00
-2.50
2.16
-1.25
-.89
-3.21
-2.81
-3.32
-2.48
.70
3.44
-2.66
-3.23
-2.06
-1.20
-1.99
1.00
-2.63
-2.98
-3.86
-1.86
-2.70
-2.27
-2.39
-2.49
-2.79
-1.60
-1.75
-2.27
-1.98
-2.55
-2.20
-2.26
-2.80
-2.93
-2.17
-1.01
1.86
2.05
-2.48
-1.89
-1.50
2.80
-1.29
-2.00
-3.45
-3.03
-1.74
-3.04
-2.33
-2.57
-3.71
-1.68
-4.01
.85
-2.85
-2.19
-2.31
-2.08
-1.50
-2.54
-2.09
-2.62
-3.28
-2.13
-1.02
-1.95
-2.29
-1.90
-3.55
-3.02
-2.10
-3.86
-1.75
-1.32
-3.00
-2.25
-2.81
-2.72
-3.71
-2.59
.30
-2.03
-2.75
1.51
-2.48
-1.60
-.74
-3.30
-2.66
3.52
-3.04
-2.75
-3.38
-3.02
-1.14
-2.64
-2.01
1.74
-3.03
-2.49
-1.76
-2.44
-2.49
-1.85
-3.16
-1.06
-2.96
-1.76
-2.07
-2.97
-2.22
-2.81
-2.75
-1.61
-1.40
-2.54
-1.54
-2.59
-1.65
-2.78
-3.05
-2.50
-2.72
-.58
-2.64
-2.11
-2.01
-3.55
-2.72
-2.63
2.33
-3.51
-3.09
-2.06
-.44
-2.63
-.43
-2.08
-1.10
-2.78
-2.71
-.33
-2.88
-2.30
-1.92
-2.51
-2.31
-3.00
-1.85
-2.78
-2.32
-.93
-2.38
-1.73
-2.72
-1.93
-2.35
-1.10
-2.42
-3.05
-2.73
-1.80
-1.86
-1.54
-2.95
-3.18
-1.66
-2.84
-2.32
-3.97
-.90
.00
-2.44
-2.46
-2.45
-2.58
-2.72
-1.92
-2.10
-2.12
-2.67
-2.20
-2.85
-2.87
-1.35
-2.15
-2.19
-1.80
-3.15
-2.26
-.75
-2.52
-1.66
-2.33
-2.61
-2.71
-2.79
-1.63
-1.44
-1.81
-2.32
-.21
-2.03
-3.02
-2.36
-2.33
-2.98
-2.10
-2.98
-3.20
-1.68
-2.05
-1.83
-1.66
-1.43
-2.48
-1.88
-2.78
-2.87
-3.49
-2.68
-2.41
-2.19
-.43
-3.27
-2.03
-.61
-2.56
-2.38
-2.92
-2.56
-3.04
-2.53
-2.95
-2.02
-3.38
-2.89
-2.33
-2.10
-2.19
-.68
-3.58
-2.03
-1.33
-2.61
-2.07
-2.37
-2.33
-2.48
-2.75
-.06
-2.87
-3.55
-2.33
-1.84
-2.81
-.56
-2.44
-3.00
-2.81
-2.30
-2.52
-1.73
-2.64
-2.06
-1.81
-1.29
-2.52
-1.79
-2.76
1.00
-1.17
-3.00
1.54
-2.31
-3.02
-3.14
-2.53
-2.78
.84
-1.21
-2.77
-3.74
-2.64
-.47
-2.14
-3.21
-3.49
-2.64
-2.90
-2.66
-2.59
-2.31
-3.50
-1.40
-3.36
-2.66
-2.96
-2.09
-1.87
.18
-2.86
-2.58
-2.61
-.98
-2.70
-1.98
-2.33
-.90
-2.83
-2.82
-2.64
-3.36
-3.16
-1.15
-2.55
-.47
-1.56
-1.70
-2.08
-2.49
-1.98
-2.65
-1.59
-1.80
-3.47
-3.47
2.09
-3.02
-2.38
-2.81
1.19
2.30
-2.50
-1.72
-3.80
-2.40
-1.33
-.43
-1.50
-2.65
-1.78
-2.30
-3.82
-2.87
-2.85
-2.24
-3.41
-2.73
-3.30
-2.52
-2.58
-2.05
-2.58
-1.50
-2.37
-1.78
-.95
-1.27
-2.00
-3.39
-2.95
-2.45
-3.28
-2.31
-2.64
-2.94
-1.84
-2.91
-3.16
-3.06
-.97
-1.98
-2.40
-1.30
-1.98
-2.06
-2.35
.35
-2.71
-4.11
-3.10
-.04
-1.88
-2.77
-3.58
-2.75
-2.57
-2.67
-1.90
-1.14
-2.64
-2.70
-2.78
3.12
-1.86
-1.80
-1.86
-2.03
-2.12
-1.63
-2.36
-3.22
-1.88
-2.00
-2.94
-.75
-3.26
-1.27
-3.69
-3.20
-1.50
-3.00
-1.83
-1.61
-3.02
2.54
-2.77
-2.76
-1.88
-2.17
-3.16
-2.08
1.10
-1.25
-2.34
-2.71
-2.88
-2.53
-2.30
.00
-.07
-2.26
-4.26
-1.66
-3.17
-2.15
-.99
-.66
-.90
-1.80
-2.63
-1.76
-2.60
-1.14
-2.54
-2.20
-2.76
-2.74
-3.36
-2.75
-2.01
-2.33
-2.06
.91
-2.00
-1.47
-2.99
-2.95
-2.71
-2.33
-.32
-2.91
-2.03
-3.28
-2.95
-3.27
-1.67
2.89
-2.53
-2.42
-2.19
-1.77
-3.27
-2.51
1.54
-1.48
3.39
-1.51
-2.72
-2.63
-1.02
-2.32
-2.57
-1.00
-.99
4.07
2.34
-.28
-3.16
-2.32
-1.01
-2.81
-1.79
-2.96
-1.50
1.57
-3.47
-1.16
2.85
-2.35
-2.88
-.56
-2.27
-2.06
-.28
-.21
-1.65
-2.81
-3.16
-2.22
-2.20
-3.15
-2.74
-2.44
-2.87
-2.60
-3.07
-2.19
-.56
-2.33
-1.69
-2.39
-2.20
-1.36
-1.61
-2.67
-3.95
-2.04
.77
-1.50
-2.79
-2.07
-1.02
-2.99
-3.63
-1.88
-1.61
-2.19
-3.45
-2.91
-.07
-3.51
-2.36
-2.13
-3.44
-2.26
-2.45
-2.73
-2.76
-3.00
-2.49
-2.42
2.84
-2.52
-3.73
-2.21
-1.66
-2.16
1.93
-2.70
-2.10
-3.83
-1.15
4.27
-2.87
-3.63
-2.03
-3.15
-2.60
1.57
-2.65
-2.91
-1.30
-2.35
-1.66
-2.76
-1.09
-2.57
-1.83
-2.06
-2.61
-2.00
-2.48
-2.67
-2.52
-2.82
-3.22
-1.62
-2.26
-3.47
2.34
-1.41
-1.98
-2.03
-2.17
-2.19
-2.46
-4.14
-2.13
-3.48
1.70
2.13
-2.00
-3.10
-2.78
-1.83
.18
-2.29
-3.75
-2.83
3.48
-2.13
-2.21
.07
-2.08
-2.72
-1.61
-2.96
-3.25
-1.25
-1.35
-2.50
-3.51
-2.44
-2.40
-1.85
-2.00
-1.20
-2.42
-1.22
-1.59
-2.64
-2.95
-3.24
-2.53
3.82
-2.74
-1.22
-1.29
-1.86
-2.88
-1.59
-2.61
-2.00
-2.13
-3.02
-2.61
-2.95
-1.10
-.57
-3.86
-3.58
-2.71
-2.34
-2.17
-2.00
-3.10
-1.74
-2.63
-1.59
1.87
-2.49
-1.78
-2.19
-1.54
.56
-2.49
-3.20
-2.53
-2.13
-2.53
-2.84
-2.49
-2.41
-3.49
1.17
-2.49
-3.66
-3.17
-2.00
-1.79
-2.87
-2.70
1.60
-.56
-1.88
-2.63
1.49
-1.59
-1.44
-2.29
-3.65
-2.45
-1.86
-1.50
-2.04
-1.52
-2.55
-1.65
.99
-2.42
-2.30
-2.81
-1.45
-2.45
-1.61
2.71
-2.14
-2.86
2.29
-3.69
-1.19
-2.53
-1.78
-2.19
-2.81
-3.16
-2.34
-3.30
-2.87
-.41
-3.77
-.86
-1.30
-3.19
-1.31
-2.67
-3.00
-3.51
-.46
-1.86
-2.02
-3.06
-2.78
-2.49
-3.05
-3.47
-2.81
-3.95
-2.86
-2.87
-.60
-2.47
-1.53
-3.10
-3.55
-2.02
-2.19
-2.41
-1.86
-1.29
-2.00
-1.16
-1.36
-3.25
2.18
-2.61
-2.64
-2.26
-1.65
-2.67
-1.82
-1.09
-3.45
-2.88
-2.59
-2.28
-1.55
-2.26
-1.00
-2.64
-3.05
-2.42
-2.98
-2.78
-1.50
3.01
-2.22
-2.58
3.25
-2.87
-2.45
-1.17
-2.97
-2.56
-2.81
-3.18
-2.58
-2.05
-1.79
-2.50
-3.26
-2.63
-3.05
-2.79
-2.52
.15
-2.73
-2.50
-1.59
-1.16
-1.66
-2.12
-2.87
-2.57
-2.40
-2.66
-2.69
-2.87
-1.84
-2.00
-2.40
-2.50
-2.87
-2.72
-2.95
-1.54
-2.10
-2.17
-3.05
-3.51
.16
-3.17
-3.47
-2.19
-.27
-3.17
-3.34
-3.55
1.42
-.62
3.03
-1.29
-2.65
-2.80
-.49
-2.70
-2.20
-4.00
-2.00
-2.49
.77
-2.06
.27
-3.75
-1.92
-3.18
-2.52
-2.21
-2.32
.76
-2.75
-3.19
-2.07
-2.20
-3.32
-1.72
-2.20
-.79
-2.87
-3.05
-3.16
-2.58
2.53
-2.89
-1.99
-2.17
-2.38
3.39
-.83
-1.50
-3.02
-1.95
-2.19
-2.68
-3.02
-2.22
2.54
-2.20
2.07
-1.33
-3.43
-3.00
-2.02
-3.61
-.96
-1.76
-2.45
-3.51
-2.58
-2.63
2.34
-2.34
-1.84
-2.93
-2.58
-2.42
-3.47
-3.02
-2.63
2.16
-3.08
-2.87
-1.71
-3.49
-2.17
-2.07
-2.57
-3.02
-1.80
-2.13
-2.20
-2.61
-2.91
-1.17
-.03
-.90
-1.10
-2.96
-1.09
-3.30
-3.61
-1.61
-1.88
-1.70
-3.50
-3.00
-.90
-2.06
-2.19
.16
-.90
-2.35
-1.52
-2.87
-3.47
-2.13
-1.66
.32
-1.80
-1.51
-3.44
-2.59
-1.08
-2.51
-2.25
-2.65
-2.78
-2.93
-.30
-2.07
-2.03
-3.49
-2.87
-1.38
-1.78
-.42
-3.19
-1.99
-2.00
-2.44
-2.44
-3.51
-2.74
-2.38
-3.16
-2.38
3.41
-2.15
-2.31
-3.25
-1.20
-2.63
-1.88
-.15
-2.08
-1.86
3.33
-2.38
-2.67
-3.22
-2.60
-1.65
-2.44
-2.60
.91
-2.03
-3.49
-2.12
-1.92
-2.64
-3.30
-2.52
-.97
-.56
-2.70
-3.13
-3.44
-.56
-2.58
-1.63
-3.49
-3.00
.14
-2.85
-1.17
-1.86
-1.50
-4.04
-2.46
-2.17
-2.74
-1.78
-1.47
-3.31
-2.63
-3.10
-.96
-2.16
-3.20
-1.78
-2.17
-3.47
-2.21
-3.28
-2.49
-2.35
-2.10
.11
-.15
-.45
-2.28
-1.88
-2.60
-1.33
-2.88
2.74
-2.00
-2.74
-2.60
-2.85
-3.16
.51
-1.83
1.09
-.17
1.74
-.79
-3.28
-1.94
-2.00
-2.22
-1.66
-3.07
-2.22
-1.94
-1.16
-3.50
-2.12
-2.41
-2.87
.16
1.94
-1.80
-1.94
-3.37
-2.87
-1.54
-2.49
-2.86
-1.98
-2.07
-.43
-2.58
-.68
-2.25
1.07
-2.57
-2.32
-2.43
-.76
-3.72
-2.48
-2.93
-3.49
2.69
-2.32
-2.72
-1.92
-1.94
-1.81
-2.04
-2.80
-3.66
-.15
-2.19
-.90
-1.79
-.06
-1.76
3.82
-.98
-1.63
-2.03
-2.07
-1.88
-3.45
-2.30
-3.02
-1.80
.93
-2.59
-2.72
-3.51
-3.05
-1.74
-2.22
-2.20
-3.09
-3.54
-2.52
-1.54
.76
-2.83
-3.06
-3.63
1.75
-.76
-4.04
-2.75
-2.66
-3.27
-1.69
-2.00
-2.53
-2.83
-.29
1.90
-3.03
-1.93
-.80
-2.03
-2.07
-2.20
-2.41
-3.18
1.18
-2.54
-2.29
-3.21
-3.86
-3.47
-2.25
-1.51
-2.28
-2.05
-2.57
-2.45
-2.48
-2.42
.19
1.97
-2.52
-2.21
-2.74
-2.67
-3.14
1.58
-1.68
-3.97
-2.87
-2.41
-2.77
-2.64
-2.41
-1.88
-2.15
-2.05
-.14
-2.55
-1.98
-.97
-2.40
.11
-1.41
-2.78
-1.15
-2.58
-3.39
-2.56
-3.51
-2.20
-2.75
-1.80
-2.20
-3.17
-3.95
-1.49
-.90
-2.74
1.93
-2.19
-2.06
-2.71
-1.46
-2.45
-1.24
-1.77
-2.41
-2.66
-3.13
-2.67
-2.91
-.83
-1.71
.99
-2.13
-2.20
-2.14
-1.86
-2.42
-2.58
-.05
-1.36
-2.57
-1.23
-2.33
-3.16
-2.36
-3.30
-1.16
-2.56
-2.64
.16
-3.32
3.18
-1.23
-1.67
-2.33
3.25
-2.58
-1.77
-3.24
-2.91
-2.39
-2.52
-1.46
-2.85
-2.50
-2.05
-1.98
-2.33
-2.33
-2.75
-2.62
-3.14
-2.33
1.83
-2.52
3.68
-3.02
-2.70
-1.61
-3.19
-1.62
-1.41
-2.87
-1.15
-3.40
-4.01
-1.63
-3.10
-.52
-2.79
-2.49
-.49
-3.09
-2.60
-2.90
-3.02
-2.34
-.79
-1.12
-2.65
-1.61
2.81
-2.24
-1.66
-3.92
-1.54
-2.65
-2.50
-1.41
-2.43
1.24
-2.05
-3.13
.50
-1.50
-3.41
-1.46
-2.45
-3.35
-2.12
-3.90
-2.72
-3.02
-2.93
-3.49
-2.24
-1.95
-2.33
-1.79
-3.49
-2.60
-1.50
-3.99
-2.13
-2.44
3.64
-2.68
-2.85
-1.93
-2.33
-2.56
-2.15
-2.07
-2.53
-2.58
-2.49
-2.58
-2.71
-.56
-2.39
-3.05
-1.62
-2.26
-2.50
.12
-2.00
-2.30
-3.01
-.50
2.07
-3.04
-2.17
-2.10
-2.93
-2.82
-2.35
-2.47
-1.78
-3.95
-2.48
-2.34
-.68
-2.30
-2.64
-2.10
3.70
-3.43
-2.49
-2.54
-3.02
-3.77
-2.33
-1.59
-2.52
-1.48
-1.94
-2.31
-2.62
-1.09
.18
-3.06
-1.80
-2.91
-2.64
-2.37
2.29
-.90
-2.22
-2.72
-1.78
2.43
-2.21
-2.68
-2.84
-4.11
-2.55
-2.91
-.90
2.90
-2.33
-2.49
-1.97
-3.60
-3.55
-1.10
-2.37
2.01
1.41
-2.67
-1.37
1.31
-4.20
-3.02
-3.15
-2.81
-3.04
-2.19
-2.52
-3.04
-2.07
-3.65
-.56
.18
-2.36
-3.17
-2.65
-2.36
-4.06
-2.73
-2.78
-3.02
-2.67
-2.52
-1.65
-1.90
1.70
-2.88
-2.95
-1.14
-2.38
-2.30
-2.21
.06
-1.22
-1.77
-2.20
1.94
-.77
-3.48
-2.86
-1.57
-3.39
-3.16
-2.89
-2.99
-3.36
-2.22
-3.17
-2.61
1.49
1.54
-2.91
-1.56
-2.66
-1.17
-1.78
-1.70
-.22
-2.65
3.15
-3.02
.26
-1.52
-1.59
-3.22
-1.69
.51
-2.22
-2.48
1.53
-2.12
-2.48
-2.43
-2.64
-2.03
-1.02
-2.73
3.03
-3.75
-1.40
.82
-2.77
-2.58
-2.43
-1.88
-1.41
-1.50
-3.49
-3.49
-2.46
-2.72
-2.90
-2.12
-2.96
-2.25
4.45
-.95
.35
-2.52
-2.18
-2.37
-1.53
-2.41
-1.66
-1.75
1.57
.64
-3.05
-2.82
-.83
-.64
-3.61
-3.22
-2.63
-3.13
-1.78
-2.72
-2.87
-2.57
-3.22
-2.33
-2.59
-1.25
-1.54
-3.61
3.13
-2.05
-2.85
-3.00
-2.81
-1.83
-2.14
-3.11
-2.34
-3.59
-2.00
-2.78
-2.09
-1.69
-3.75
-2.28
-.07
-2.10
-2.43
-2.33
-2.87
-2.95
-2.32
-2.66
-1.77
-1.52
-2.51
-3.32
-2.66
-.68
-2.03
-3.00
-2.46
2.89
-1.10
-2.66
-2.39
-2.15
-2.54
-2.15
-2.31
1.95
-1.10
-2.61
-2.76
-.75
-2.50
.62
-2.33
-3.99
-2.87
-2.15
-2.50
-2.74
-.74
-2.87
2.48
-2.33
-2.06
-2.50
-2.63
-2.43
-1.98
-1.81
-2.30
2.45
-2.73
-2.45
-2.73
-3.41
-1.51
-2.30
-3.57
-3.51
-2.86
-2.00
-.81
.72
-2.33
-.86
-1.86
-3.77
-1.29
-2.00
-1.31
-2.62
-2.47
-3.29
-2.16
-2.86
-3.43
-2.23
-3.01
-2.53
-2.13
-1.80
-.98
1.75
-2.61
-2.39
3.41
-2.25
1.74
-2.44
-3.02
-2.06
-3.24
-2.59
-2.00
-.79
-.86
-2.66
-2.30
-2.17
-.99
-2.46
-2.37
-2.12
-1.85
-2.57
-3.16
-2.59
-2.61
-2.91
-2.67
-2.30
-2.76
-2.87
-3.20
-2.31
-1.08
-3.01
-1.92
-1.76
-1.26
-.89
-2.30
-1.50
-3.02
-1.25
-2.21
-3.08
-3.18
-1.88
-3.39
-3.63
-.90
2.69
-.96
-3.45
-.58
1.18
-.67
-2.49
-3.51
-2.52
-3.97
-2.70
3.05
3.39
-2.19
-2.79
-2.60
-3.44
-3.51
-3.02
-2.84
-1.16
-1.65
-3.11
-2.43
2.43
-1.50
-2.72
-1.43
-2.49
-2.00
-2.31
-2.44
-2.37
.15
-2.22
-2.15
-1.37
4.03
-.37
-1.84
-1.98
-2.72
-.47
-3.24
-2.63
-2.77
-3.43
-1.08
-3.02
-2.00
-2.85
-2.27
-2.26
-1.18
-.98
-3.06
-2.45
-1.61
-1.87
-.56
-1.98
-3.61
-2.78
-1.20
-2.31
-2.53
-2.64
-2.63
-2.25
-.29
-2.86
-1.91
-2.88
-2.36
.56
-3.77
-3.76
-3.53
-3.00
3.18
-1.51
1.17
-1.55
-1.88
-2.22
-2.95
-2.80
-3.19
4.27
-2.84
-3.18
-2.49
-3.49
-2.95
-3.25
-2.08
-.90
-3.14
1.70
-2.23
-3.24
-2.81
-1.51
-2.20
.11
-.27
.63
.35
-.60
-3.17
-.99
-3.43
-2.92
-.77
-3.17
-.54
3.60
-2.87
-1.98
-.53
-3.67
-1.13
-2.49
-2.35
-1.51
-1.29
-2.88
-2.17
1.38
-2.12
-3.23
-2.89
-2.25
-.77
-2.53
-2.63
.63
-1.92
-.36
-2.48
-2.55
-2.50
-.45
-2.91
-1.84
-.38
-2.03
-3.51
-2.36
-.76
-2.21
-3.11
-2.33
-3.05
4.43
-2.26
-2.50
-3.75
-2.03
-2.81
-2.07
1.94
-3.18
-3.03
-3.49
-2.81
-2.66
-2.19
-2.81
-3.77
-2.49
-2.56
-2.67
-2.45
-2.44
-2.86
-2.12
-2.33
-.88
-1.50
-2.61
-2.64
-1.22
-2.58
-1.64
-2.53
-2.80
-2.22
-2.63
-2.77
-2.37
-2.50
2.67
-2.02
-2.73
-1.80
-2.50
-2.71
-.43
-3.39
-3.07
-3.00
-1.99
-2.68
.00
-2.06
-.74
-2.56
-1.14
-3.19
2.38
-2.75
-1.98
-1.81
-1.96
-2.75
-1.58
-3.18
2.99
-2.54
-1.77
-2.58
-3.51
3.15
-.46
-2.97
-2.88
-1.88
-2.73
3.15
-1.80
1.06
.78
-3.10
-2.88
-1.78
-3.27
-1.51
.62
-1.95
-2.95
-2.61
-2.51
-4.03
1.33
-4.29
-2.62
-2.88
-2.36
-2.42
1.38
-1.73
-2.69
-2.57
-2.85
-.38
-3.06
-2.26
-1.88
-2.87
-2.66
-1.75
2.30
-.38
2.84
-.77
-.94
-1.46
-.41
-2.00
-1.14
-3.40
-2.31
-2.89
-2.58
-2.84
.28
.32
-2.51
-2.31
-2.33
-2.06
-1.31
-3.32
-2.58
-3.30
-4.22
-2.20
-2.76
-2.05
-.92
-2.28
-2.56
-1.14
-2.32
-2.95
2.11
-2.86
.82
-2.67
-2.13
-3.00
-1.89
-3.65
-1.88
-2.87
-2.02
-2.36
.51
-2.66
-3.02
-.77
-2.57
-2.30
-3.47
-.98
1.43
-2.26
-2.37
