204
205
206
207
212
213
214
215
220
221
222
223
228
229
230
231
236
237
238
239
244
245
246
247
252
253
254
255
260
261
262
263
268
269
270
271
276
277
278
279
284
285
286
287
292
293
294
295
300
301
302
303
308
309
310
311
316
317
318
319
324
325
326
327
332
333
334
335
340
341
342
343
348
349
350
351
356
357
358
359
364
365
366
367
372
373
374
375
380
381
382
383
388
389
390
391
396
397
398
399
404
405
406
407
412
413
414
415
420
421
422
423
428
429
430
431
436
437
438
439
444
445
446
447
452
453
454
455
460
461
462
463
468
469
470
471
476
477
478
479
484
485
486
487
492
493
494
495
500
501
502
503
508
509
510
511
516
517
518
519
524
525
526
527
532
533
534
535
540
541
542
543
548
549
550
551
556
557
558
559
564
565
566
567
572
573
574
575
580
581
582
583
588
589
590
591
596
597
598
599
604
605
606
607
612
613
614
615
620
621
622
623
628
629
630
631
636
637
638
639
644
645
646
647
652
653
654
655
660
661
662
663
668
669
670
671
676
677
678
679
684
685
686
687
692
693
694
695
700
701
702
703
708
709
710
711
716
717
718
719
724
725
726
727
732
733
734
735
740
741
742
743
748
749
750
751
756
757
758
759
764
765
766
767
772
773
774
775
780
781
782
783
788
789
790
791
796
797
798
799
804
805
806
807
812
813
814
815
820
821
822
823
828
829
830
831
836
837
838
839
844
845
846
847
852
853
854
855
860
861
862
863
868
869
870
871
876
877
878
879
884
885
886
887
892
893
894
895
900
901
902
903
908
909
910
911
916
917
918
919
924
925
926
927
932
933
934
935
940
941
942
943
948
949
950
951
956
957
958
959
964
965
966
967
972
973
974
975
980
981
982
983
988
989
990
991
996
997
998
999
1004
1005
1006
1007
1012
1013
1014
1015
1020
1021
1022
1023
1028
1029
1030
1031
1036
1037
1038
1039
1044
1045
1046
1047
1052
1053
1054
1055
1060
1061
1062
1063
1068
1069
1070
1071
1076
1077
1078
1079
1084
1085
1086
1087
1092
1093
1094
1095
1100
1101
1102
1103
1108
1109
1110
1111
1116
1117
1118
1119
1124
1125
1126
1127
1132
1133
1134
1135
1140
1141
1142
1143
1148
1149
1150
1151
1156
1157
1158
1159
1164
1165
1166
1167
1172
1173
1174
1175
1180
1181
1182
1183
1188
1189
1190
1191
1196
1197
1198
1199
1204
1205
1206
1207
1212
1213
1214
1215
1220
1221
1222
1223
